% ВОКРУГ ОСИ Х
Y_Z = [9.71000000000000,-31.3900000000000,-6.50000000000000;9.42000000000000,-31.5400000000000,-6.64000000000000;9.64000000000000,-30.4400000000000,-6.21000000000000;9.56000000000000,-30.2200000000000,-6.42000000000000;9.71000000000000,-30,-6.57000000000000;9.78000000000000,-30.7300000000000,-6.57000000000000;10,-32.5600000000000,-6.06000000000000;9.71000000000000,-34.2400000000000,-6.42000000000000;9.34000000000000,-37.3000000000000,-5.77000000000000;8.40000000000000,-40.7300000000000,-5.26000000000000;8.61000000000000,-44.0900000000000,-5.11000000000000;9.20000000000000,-48.7600000000000,-3.65000000000000;8.76000000000000,-51.3200000000000,-2.26000000000000;8.54000000000000,-52.7800000000000,-1.24000000000000;8.10000000000000,-53.5800000000000,-0.800000000000000;7.23000000000000,-55.4100000000000,0.510000000000000;7.81000000000000,-55.9200000000000,1.10000000000000;7.96000000000000,-56.5800000000000,1.68000000000000;8.76000000000000,-57.6000000000000,3.14000000000000;9.42000000000000,-60.6600000000000,7.01000000000000;9.27000000000000,-63.2200000000000,10.8000000000000;7.88000000000000,-64.5300000000000,11.9000000000000;6.28000000000000,-65.5500000000000,13.0700000000000;5.48000000000000,-67.2300000000000,16.3500000000000;5.40000000000000,-67.8900000000000,18.1000000000000;5.62000000000000,-68.4000000000000,21.6800000000000;5.40000000000000,-68.8400000000000,22.2700000000000;6.13000000000000,-68.7700000000000,23.8700000000000;5.33000000000000,-69.2000000000000,25.4800000000000;5.62000000000000,-69.1300000000000,28.0300000000000;5.18000000000000,-69.3500000000000,29.0500000000000;6.35000000000000,-68.6200000000000,32.3400000000000;7.37000000000000,-68.1100000000000,33.2900000000000;6.42000000000000,-67.6000000000000,37.1600000000000;7.37000000000000,-66.4300000000000,39.4200000000000;7.52000000000000,-63.8000000000000,44.8200000000000;9.05000000000000,-61.7600000000000,47.0900000000000;10.7300000000000,-58.8400000000000,49.7900000000000;11.9000000000000,-56.3600000000000,51.7600000000000;10.5900000000000,-55.9200000000000,52.6300000000000;11.5300000000000,-53.6500000000000,54.0200000000000;11.8300000000000,-52.5600000000000,54.8200000000000;9.49000000000000,-51.5400000000000,56.7900000000000;9.86000000000000,-49.9300000000000,57.4500000000000;9.78000000000000,-47.9600000000000,58.5500000000000;9.71000000000000,-46.2800000000000,59.5700000000000;8.54000000000000,-41.4600000000000,61.8300000000000;6.64000000000000,-36.2800000000000,64.0200000000000;5.69000000000000,-33.1400000000000,64.7500000000000;5.04000000000000,-29.4900000000000,65.4100000000000;5.48000000000000,-26.7200000000000,65.4100000000000;5.18000000000000,-22.8500000000000,65.4800000000000;4.67000000000000,-19.4900000000000,65.2600000000000;5.26000000000000,-17.5900000000000,64.9700000000000;4.89000000000000,-15.2600000000000,64.6000000000000;3.29000000000000,-11.3900000000000,63.8800000000000;4.02000000000000,-8.98000000000000,62.9300000000000;3.87000000000000,-4.89000000000000,61.3200000000000;2.56000000000000,1.02000000000000,58.6200000000000;2.63000000000000,3.58000000000000,57.1600000000000;3.21000000000000,7.15000000000000,54.1700000000000;5.26000000000000,8.76000000000000,51.9800000000000;6.72000000000000,9.93000000000000,50.0100000000000;6.79000000000000,12.3400000000000,47.0900000000000;5.55000000000000,15.1100000000000,43.5800000000000;6.13000000000000,17.5200000000000,37.8900000000000;8.32000000000000,17.9600000000000,33.5800000000000;10,18.0300000000000,27.8100000000000;11.2400000000000,17.3000000000000,22.8500000000000;10.5900000000000,17.0100000000000,19.7800000000000;8.32000000000000,17.5900000000000,18.5400000000000;10.3700000000000,15.9900000000000,15.7700000000000;12.1200000000000,14.0900000000000,13.2900000000000;11.2400000000000,13.5100000000000,11.3200000000000;12.2600000000000,12.1900000000000,10;12.5600000000000,11.3200000000000,8.98000000000000;12.3400000000000,11.2400000000000,8.69000000000000;12.9200000000000,10.5900000000000,8.03000000000000;12.5600000000000,8.83000000000000,5.48000000000000;10.5100000000000,8.76000000000000,4.38000000000000;11.7500000000000,8.54000000000000,4.89000000000000;11.7500000000000,7.15000000000000,3.58000000000000;11.3200000000000,4.16000000000000,0.580000000000000;10.6600000000000,2.26000000000000,-1.24000000000000;10,-3.29000000000000,-3.14000000000000;9.86000000000000,-6.86000000000000,-5.26000000000000;9.71000000000000,-10.5100000000000,-6.57000000000000;9.27000000000000,-13.6500000000000,-8.61000000000000;8.76000000000000,-17.7400000000000,-7.74000000000000;8.91000000000000,-21.8300000000000,-8.47000000000000;9.27000000000000,-25.6200000000000,-6.72000000000000;9.78000000000000,-28.5400000000000,-6.57000000000000;9.86000000000000,-31.9700000000000,-8.18000000000000;7.67000000000000,-36.7200000000000,-6.21000000000000;7.52000000000000,-36.2800000000000,-7.23000000000000;8.47000000000000,-34.3100000000000,-6.35000000000000;8.10000000000000,-35.3300000000000,-6.06000000000000;7.59000000000000,-36.1400000000000,-5.91000000000000;7.67000000000000,-37.3000000000000,-4.82000000000000;8.47000000000000,-39.2000000000000,-5.84000000000000;8.76000000000000,-41.5400000000000,-5.48000000000000;9.20000000000000,-43.8000000000000,-4.75000000000000;9.05000000000000,-44.1700000000000,-4.60000000000000;9.20000000000000,-44.6000000000000,-5.40000000000000;9.20000000000000,-44.5300000000000,-5.48000000000000;9.27000000000000,-44.4600000000000,-3.65000000000000;9.42000000000000,-44.3800000000000,-2.34000000000000;9.49000000000000,-44.3800000000000,-3.50000000000000;9.42000000000000,-44.3800000000000,-5.48000000000000;9.42000000000000,-44.1700000000000,-4.16000000000000;9.49000000000000,-44.0900000000000,-4.53000000000000;9.34000000000000,-44.1700000000000,-5.55000000000000;9.27000000000000,-44.1700000000000,-4.09000000000000;9.20000000000000,-43.9500000000000,-5.77000000000000;9.20000000000000,-43.9500000000000,-4.38000000000000;9.20000000000000,-43.8000000000000,-5.77000000000000;9.27000000000000,-43.7300000000000,-5.84000000000000;9.13000000000000,-43.1400000000000,-5.04000000000000;8.03000000000000,-39.5700000000000,-4.75000000000000;7.15000000000000,-35.0400000000000,-5.33000000000000;7.37000000000000,-32.9200000000000,-6.86000000000000;7.45000000000000,-28.9100000000000,-7.08000000000000;8.25000000000000,-22.9200000000000,-8.69000000000000;8.18000000000000,-16.9400000000000,-8.18000000000000;8.25000000000000,-8.61000000000000,-6.50000000000000;5.62000000000000,-5.84000000000000,-6.21000000000000;5.26000000000000,-0.0700000000000000,-3.50000000000000;5.91000000000000,4.31000000000000,-0.880000000000000;6.42000000000000,6.57000000000000,1.61000000000000;7.23000000000000,10.0700000000000,3.94000000000000;9.56000000000000,14.0900000000000,10.9500000000000;9.42000000000000,14.4500000000000,11.6100000000000;9.64000000000000,16.0600000000000,15.3300000000000;9.13000000000000,17.1500000000000,17.7400000000000;9.20000000000000,18.2500000000000,29.4900000000000;8.25000000000000,17.3700000000000,35.9200000000000;6.94000000000000,17.3700000000000,37.0800000000000;3.87000000000000,17.3700000000000,39.7900000000000;1.02000000000000,17.3700000000000,41.5400000000000;-0.370000000000000,16.7200000000000,43.3600000000000;-0.290000000000000,16.0600000000000,44.7500000000000;-0.730000000000000,14.8200000000000,46.6500000000000;-0.950000000000000,13.3600000000000,48.8400000000000;-1.02000000000000,11.3200000000000,51.1700000000000;0.220000000000000,8.54000000000000,53.5100000000000;-1.68000000000000,5.69000000000000,56.5000000000000;-2.63000000000000,3.50000000000000,58.1100000000000;-3.50000000000000,1.46000000000000,59.5000000000000;-2.99000000000000,-1.39000000000000,60.9500000000000;-2.48000000000000,-3.87000000000000,62.0500000000000;-3.07000000000000,-7.23000000000000,63.5100000000000;-3.43000000000000,-9.42000000000000,64.1700000000000;-3.07000000000000,-12.3400000000000,65.0400000000000;-2.41000000000000,-16.3500000000000,65.9900000000000;